0 0.57 0.0299 0.017043
1 0.81 0.0242 0.019602
2 0.87 0.0079 0.006873
3 0.59 0.0545 0.032155
4 0.51 0.0089 0.004539
5 0.63 0.0557 0.035091
6 0.55 0.0050 0.00275
7 0.63 0.0244 0.015372
8 0.83 0.0263 0.021829
9 0.65 0.0397 0.025805
10 0.54 0.0350 0.0189
11 0.71 0.0427 0.030317
12 0.60 0.0412 0.02472
13 0.50 0.0085 0.00425
14 0.67 0.0122 0.008174
15 0.72 0.0417 0.030024
16 0.92 0.0052 0.004784
17 0.52 0.0526 0.027352
18 0.52 0.0222 0.011544
19 0.67 0.0147 0.009849
20 0.75 0.0401 0.030075
21 0.73 0.0364 0.026572
22 0.88 0.0355 0.03124
23 0.88 0.0234 0.020592
24 0.94 0.0115 0.01081
25 0.85 0.0155 0.013175
26 0.50 0.0265 0.01325
27 0.99 0.0009 0.000891
28 0.97 0.0173 0.016781
29 0.71 0.0123 0.008733
30 0.62 0.0035 0.00217
31 0.74 0.0088 0.006512
32 0.96 0.0201 0.019296
33 0.65 0.0181 0.011765
34 1.00 0.0351 0.0351
35 0.93 0.0061 0.005673
36 0.74 0.0271 0.020054
37 0.96 0.0350 0.0336
38 0.57 0.0493 0.028101
39 0.57 0.0404 0.023028
40 0.61 0.0456 0.027816
41 0.61 0.0197 0.012017
42 0.93 0.0087 0.008091
43 0.52 0.0208 0.010816
44 0.64 0.0174 0.011136
45 0.94 0.0347 0.032618
46 0.63 0.0377 0.023751
47 0.52 0.0195 0.01014
48 0.63 0.0396 0.024948
49 0.65 0.0382 0.02483
50 0.57 0.0231 0.013167
51 0.81 0.0147 0.011907
52 0.89 0.0308 0.027412
53 0.84 0.0213 0.017892
54 0.50 0.0523 0.02615
55 0.74 0.0122 0.009028
56 0.59 0.0008 0.000472
57 0.66 0.0379 0.025014
58 0.71 0.0048 0.003408
59 0.76 0.0158 0.012008
60 0.78 0.0050 0.0039
61 0.75 0.0071 0.005325
62 0.97 0.0364 0.035308
63 0.72 0.0245 0.01764
64 0.72 0.0116 0.008352
65 0.72 0.0406 0.029232
66 0.82 0.0310 0.02542
67 0.70 0.0490 0.0343
68 0.96 0.0110 0.01056
69 0.86 0.0394 0.033884
70 0.92 0.0351 0.032292
71 0.59 0.0318 0.018762
72 0.51 0.0355 0.018105
73 0.90 0.0366 0.03294
74 0.86 0.0126 0.010836
75 0.56 0.0307 0.017192
76 0.66 0.0352 0.023232
77 0.54 0.0139 0.007506
78 0.68 0.0118 0.008024
79 0.89 0.0215 0.019135
80 0.81 0.0243 0.019683
81 0.61 0.0107 0.006527
82 0.64 0.0309 0.019776
83 0.69 0.0182 0.012558
84 0.85 0.0247 0.020995
85 0.68 0.0480 0.03264
86 0.78 0.0299 0.023322
87 0.75 0.0239 0.017925
88 0.61 0.0437 0.026657
89 0.79 0.0206 0.016274
90 0.71 0.0374 0.026554
91 0.91 0.0364 0.033124
92 0.98 0.0265 0.02597
93 0.86 0.0303 0.026058
94 0.96 0.0073 0.007008
95 0.89 0.0150 0.01335
96 0.67 0.0446 0.029882
97 0.82 0.0054 0.004428
98 0.89 0.0018 0.001602
99 0.69 0.0323 0.022287
