0 0.013 1
1 0.1 0.15
2 0.025 0.5
3 0.045 0.3
4 0.145 0.1
5 0.13 0.1
6 0.01 1
7 0.195 0.075
8 0.298 0.05
9 0.001 12
10 0.013 1
11 0.1 0.15
12 0.025 0.5
13 0.045 0.3
14 0.145 0.1
15 0.13 0.1
16 0.01 1
17 0.195 0.075
18 0.298 0.05
19 0.001 12
20 0.013 1
21 0.1 0.15
22 0.025 0.5
23 0.045 0.3
24 0.145 0.1
25 0.13 0.1
26 0.01 1
27 0.195 0.075
28 0.298 0.05
29 0.001 12
30 0.013 1
31 0.1 0.15
32 0.025 0.5
33 0.045 0.3
34 0.145 0.1
35 0.13 0.1
36 0.01 1
37 0.195 0.075
38 0.298 0.05
39 0.001 12
10 0.013 1
41 0.1 0.15
42 0.025 0.5
43 0.045 0.3
44 0.145 0.1
45 0.13 0.1
46 0.01 1
47 0.195 0.075
48 0.298 0.05
49 0.001 12
50 0.013 1
51 0.1 0.15
52 0.025 0.5
53 0.045 0.3
54 0.145 0.1
55 0.13 0.1
56 0.01 1
57 0.195 0.075
58 0.298 0.05
59 0.001 12
60 0.013 1
61 0.1 0.15
62 0.025 0.5
63 0.045 0.3
64 0.145 0.1
65 0.13 0.1
66 0.01 1
67 0.195 0.075
68 0.298 0.05
69 0.001 12
70 0.013 1
71 0.1 0.15
72 0.025 0.5
73 0.045 0.3
74 0.145 0.1
75 0.13 0.1
76 0.01 1
77 0.195 0.075
78 0.298 0.05
79 0.001 12
80 0.013 1
81 0.1 0.15
82 0.025 0.5
83 0.045 0.3
84 0.145 0.1
85 0.13 0.1
86 0.01 1
87 0.195 0.075
88 0.298 0.05
89 0.001 12
90 0.013 1
91 0.1 0.15
92 0.025 0.5
93 0.045 0.3
94 0.145 0.1
95 0.13 0.1
96 0.01 1
97 0.195 0.075
98 0.298 0.05
99 0.001 12
