0 0.88 0.0076 0.006688
1 0.98 0.0031 0.003038
2 0.56 0.0037 0.002072
3 0.94 0.0026 0.002444
4 0.87 0.0026 0.002262
5 0.91 0.0078 0.007098
6 0.73 0.0107 0.007811
7 0.58 0.0087 0.005046
8 0.95 0.0025 0.002375
9 0.93 0.0057 0.005301
10 0.87 0.0111 0.009657
11 0.86 0.0066 0.005676
12 0.57 0.0100 0.0057
13 0.82 0.0028 0.002296
14 0.99 0.0060 0.00594
15 0.72 0.0132 0.009504
16 0.69 0.0106 0.007314
17 0.51 0.0183 0.009333
18 0.59 0.0117 0.006903
19 0.50 0.0175 0.00875
20 0.68 0.0034 0.002312
21 0.77 0.0129 0.009933
22 0.78 0.0029 0.002262
23 0.82 0.0117 0.009594
24 0.53 0.0060 0.00318
25 0.79 0.0116 0.009164
26 0.67 0.0127 0.008509
27 0.60 0.0125 0.0075
28 0.68 0.0008 0.000544
29 0.73 0.0095 0.006935
30 0.97 0.0049 0.004753
31 0.61 0.0063 0.003843
32 0.68 0.0062 0.004216
33 0.75 0.0016 0.0012
34 0.71 0.0077 0.005467
35 0.95 0.0014 0.00133
36 0.85 0.0012 0.00102
37 0.57 0.0007 0.000399
38 0.98 0.0017 0.001666
39 0.85 0.0076 0.00646
40 0.70 0.0017 0.00119
41 0.83 0.0025 0.002075
42 0.55 0.0143 0.007865
43 0.93 0.0070 0.00651
44 0.87 0.0089 0.007743
45 0.92 0.0072 0.006624
46 0.78 0.0121 0.009438
47 0.90 0.0072 0.00648
48 0.64 0.0058 0.003712
49 0.55 0.0103 0.005665
50 0.67 0.0130 0.00871
51 0.75 0.0042 0.00315
52 0.88 0.0050 0.0044
53 0.97 0.0057 0.005529
54 0.94 0.0098 0.009212
55 1.00 0.0021 0.0021
56 0.59 0.0048 0.002832
57 0.69 0.0106 0.007314
58 0.89 0.0075 0.006675
59 0.84 0.0055 0.00462
60 0.92 0.0082 0.007544
61 0.61 0.0153 0.009333
62 0.92 0.0038 0.003496
63 0.52 0.0020 0.00104
64 0.71 0.0122 0.008662
65 0.54 0.0094 0.005076
66 0.51 0.0152 0.007752
67 0.82 0.0013 0.001066
68 0.66 0.0036 0.002376
69 0.64 0.0125 0.008
70 0.62 0.0010 0.00062
71 0.78 0.0101 0.007878
72 0.67 0.0137 0.009179
73 0.70 0.0034 0.00238
74 0.67 0.0106 0.007102
75 0.73 0.0006 0.000438
76 0.69 0.0133 0.009177
77 0.86 0.0060 0.00516
78 0.67 0.0043 0.002881
79 0.81 0.0062 0.005022
80 0.83 0.0112 0.009296
81 0.89 0.0078 0.006942
82 0.62 0.0112 0.006944
83 0.80 0.0042 0.00336
84 0.66 0.0009 0.000594
85 0.90 0.0022 0.00198
86 0.71 0.0047 0.003337
87 0.58 0.0074 0.004292
88 0.50 0.0034 0.0017
89 0.71 0.0061 0.004331
90 0.70 0.0099 0.00693
91 0.61 0.0016 0.000976
92 0.51 0.0043 0.002193
93 0.88 0.0093 0.008184
94 0.93 0.0102 0.009486
95 0.93 0.0088 0.008184
96 0.61 0.0066 0.004026
97 1.00 0.0071 0.0071
98 0.82 0.0083 0.006806
99 0.64 0.0099 0.006336
