0 0.67 0.0016 0.001072
1 0.97 0.0031 0.003007
2 0.99 0.0006 0.000594
3 0.86 0.0005 0.00043
4 0.73 0.0316 0.023068
5 0.80 0.0012 0.00096
6 0.67 0.0313 0.020971
7 0.65 0.0194 0.01261
8 0.70 0.0051 0.00357
9 0.81 0.0130 0.01053
10 0.64 0.0356 0.022784
11 0.89 0.0265 0.023585
12 0.75 0.0061 0.004575
13 0.78 0.0298 0.023244
14 0.58 0.0251 0.014558
15 0.79 0.0042 0.003318
16 0.79 0.0062 0.004898
17 0.65 0.0308 0.02002
18 0.78 0.0180 0.01404
19 0.90 0.0020 0.0018
20 0.53 0.0075 0.003975
21 0.97 0.0034 0.003298
22 0.69 0.0143 0.009867
23 0.54 0.0169 0.009126
24 0.96 0.0012 0.001152
25 0.96 0.0027 0.002592
26 0.93 0.0091 0.008463
27 0.81 0.0228 0.018468
28 0.69 0.0287 0.019803
29 0.80 0.0069 0.00552
30 0.92 0.0163 0.014996
31 0.63 0.0108 0.006804
32 0.50 0.0465 0.02325
33 0.67 0.0309 0.020703
34 0.68 0.0304 0.020672
35 0.65 0.0317 0.020605
36 1.00 0.0049 0.0049
37 0.56 0.0120 0.00672
38 0.56 0.0383 0.021448
39 0.67 0.0057 0.003819
40 0.84 0.0151 0.012684
41 0.58 0.0338 0.019604
42 0.54 0.0276 0.014904
43 0.77 0.0085 0.006545
44 0.75 0.0027 0.002025
45 0.55 0.0031 0.001705
46 0.52 0.0198 0.010296
47 0.58 0.0002 0.000116
48 0.84 0.0092 0.007728
49 0.60 0.0002 0.00012
50 0.60 0.0387 0.02322
51 0.91 0.0077 0.007007
52 0.59 0.0046 0.002714
53 0.56 0.0041 0.002296
54 0.58 0.0095 0.00551
55 0.54 0.0209 0.011286
56 0.69 0.0260 0.01794
57 0.76 0.0213 0.016188
58 0.97 0.0207 0.020079
59 0.80 0.0295 0.0236
60 0.65 0.0228 0.01482
61 0.82 0.0265 0.02173
62 1.00 0.0039 0.0039
63 0.51 0.0156 0.007956
64 0.60 0.0101 0.00606
65 0.71 0.0319 0.022649
66 0.69 0.0140 0.00966
67 0.88 0.0016 0.001408
68 0.59 0.0282 0.016638
69 0.91 0.0043 0.003913
70 0.77 0.0305 0.023485
71 0.81 0.0234 0.018954
72 0.60 0.0290 0.0174
73 0.70 0.0191 0.01337
74 0.79 0.0241 0.019039
75 0.80 0.0138 0.01104
76 0.61 0.0135 0.008235
77 0.64 0.0275 0.0176
78 0.69 0.0203 0.014007
79 0.61 0.0016 0.000976
80 0.86 0.0246 0.021156
81 0.76 0.0084 0.006384
82 0.88 0.0099 0.008712
83 0.92 0.0097 0.008924
84 0.83 0.0200 0.0166
85 0.61 0.0222 0.013542
86 0.86 0.0067 0.005762
87 0.93 0.0234 0.021762
88 0.76 0.0277 0.021052
89 0.57 0.0297 0.016929
90 0.81 0.0066 0.005346
91 0.71 0.0160 0.01136
92 0.79 0.0175 0.013825
93 0.65 0.0114 0.00741
94 1.00 0.0103 0.0103
95 0.81 0.0154 0.012474
96 0.77 0.0158 0.012166
97 0.69 0.0267 0.018423
98 0.96 0.0006 0.000576
99 0.60 0.0242 0.01452
